562
mask  X11001110001101XX01111X1001X01101111
32163  23587
59015  3487205
25831  33360
62711  224797
41307  1818
mask  1010001X010111X00101X1X101X1X01010X0
45083  11122937
3480  10
46489  4658914
10554  14018239
46503  702809
40599  21908484
mask  1X0X0111001X1X1000X11X11000110011000
27073  1598154
56277  895
64440  121221812
36973  803170
mask  01X0101101011X110X11XX0111111010X011
56954  862350849
56448  732
57698  10805529
9948  743476
54082  27464
26950  13890763
mask  1010001101XX11X0X10X000X00001X11X00X
4270  361512
8603  140991
11543  11280669
48952  13983
23994  160573183
21654  16471299
mask  1X0011X0XX10001000X1011XX1X110X10000
54082  204797
2442  88978843
43594  10538
50284  1009918861
44229  496323
12926  20879
49547  4018180
mask  1010X0X1X10111X0X10X0X0000XX10011110
21387  1595920
49543  426267846
33458  232911215
12713  36660
25009  1531450
160  41645
62607  29094926
mask  10X1X1010011X0100X0X0X10X1X0X0111000
41099  556
35924  165390
4217  95434
29377  256242448
65298  219301
2150  513838120
mask  101000X1X1X1110011XXX000110001X01000
40639  152100
47089  234875
21980  108670
13822  351059
mask  1X1011110111X11100010X100001X00110XX
48992  3047
56444  201961239
21371  204
24671  3709
mask  101X10010X01111011010101000X0001X010
391  1771
9761  167201870
26810  35048
mask  X1100111X001001110X1XX1X1101X110001X
58134  62107560
1977  431050
mask  XX1101110001X01XX0110111X11011X0X100
61811  3322
45400  126787711
11959  231430790
6529  50711275
mask  1010011100X110X10X010X011X10X001X101
35664  4018
51789  1147
9164  2673
3887  6903395
mask  1XX01101001XX0X10001X100X10X00011011
45588  44392
45672  130449
10651  199
13830  609557
16601  9139
39047  7390
15735  2200
mask  X1100111X0011001001X10010100XX0X1100
47001  12904
60088  78
16541  35014846
36988  274445
64869  721
mask  111001101001001X1XX1010011X0111X1000
47089  484293694
32833  1324010
573  621230513
30223  4408118
21631  108617
mask  101X0101001XX0XX00011X10101X0111010X
818  847
7536  12876
61097  637
mask  X11X01110X0110X01011011X1011XX000101
1160  2769715
11521  389
mask  1X0X1X11X0X110110X011101100111001011
18913  2463
60014  22803235
37134  6832
62311  85539171
35150  1323288
48099  1648075
mask  10001X11X11110100X0101X01001X0001011
48089  20
4229  1868
51778  69531
6163  803954017
mask  10X000110011X0100XX1110X011001X00000
44294  12646
17281  484
19939  492
mask  0XX0X11100XX1X1100111110X1100X001100
47104  5349940
12968  633
27118  388686386
22054  1418
26460  3963
27686  324058
8678  406066094
mask  X1001X1011X0001000X1X0001101XX111X11
34728  4733
19944  3955289
73  2844
5056  3114323
61113  3346
mask  0XX011100001101010X1010X101X11XX1000
13529  4870075
32746  30227
16882  5182
58506  3864
mask  101011X1001X100101X10X01000000001101
16135  1425313
59176  2841231
26460  54607
7136  12152
mask  1010X11X001X10X1000X100X000101X1010X
23809  464
41790  25173055
19793  119
mask  XX00101011000010001100000X11001XX00X
34368  338852
1953  158
33469  240238
26651  39001013
52523  39414
43956  4612
mask  10110X11XX11101100001010101X00000110
50811  5113517
53419  58853
23534  234
27568  164916174
16184  967
56977  14248978
9076  338687637
mask  100011010010000XX0011001X1X110000100
49329  7872
62711  917801821
20767  9510
41836  9669
mask  011001X000X110110X111X01101X0X1110X0
58112  8759
59015  249132
2696  6617538
4055  322572
35039  14480645
33920  1480
24136  1072057057
mask  101011X1001XX0100001X00001X1001X0000
23619  1830
23927  29452
64905  150741701
60932  18507
mask  10X0011X011X10110X0XX100101X00010X01
54685  201370
18104  2839230
62384  7435156
63305  444204
mask  01101X01X0011011001111XX110X000X0XX1
23354  50190934
33372  2936904
51383  965780683
mask  X11001X1000110X100110X011X101XXX0X00
22184  43654247
45672  88907038
mask  XXX001110011X0XX1001XX01X01010010010
8280  44185
53900  276378856
mask  1010011101X1X0110X01001100X01X1100X1
31239  200025883
19233  22660998
54966  459709
21900  128456203
27568  45525987
18207  1317041
4755  1465553
mask  101XX111X01110X10X01X11100010000110X
9761  6212379
6490  15160
32338  454253
21371  528675530
57305  149
mask  111X011110011001001X00110X01X1000001
5685  876
38670  90390560
mask  10100111X011X0110001001XX01100001XX0
19086  153283033
22316  982
9660  648
38272  7464642
23530  1073526128
mask  1X0011X0101X0010001111000100XX1110X0
61800  1612
25746  12896802
59222  402335
mask  10110111001110XX010101X11000X101X110
5330  38096565
48438  3312971
50454  213
51532  35683154
2857  162001059
mask  X110X1X0001110110XX1XX01X00X10111010
35384  487
8386  4875
818  25314
9902  809
mask  01101X1000010010X01100X0X00111000101
11465  6937
9166  8060
30630  88490
35039  58041908
mask  1010X11001011X11010XX0X100X11X110101
31189  12546611
61841  10859
18402  3088
46169  298
42469  10635847
mask  111X1101X011X01100X11XX101X00X0X1111
9917  2696
8987  613809199
29213  462633736
3210  5696
mask  100010110111101001010100100XX00010XX
22919  1049
32274  1304246
50722  3730781
25729  473131
33167  255409
954  847404
mask  XX1011X0000100100X11011110110XX01010
64019  453
33921  68992034
11994  5228
mask  0110XX1000010X101011100X11000XX0X101
35244  747081
2508  46321
mask  100011110111101001010110X001X0X00X01
33072  189542868
22582  495965
40368  152283413
12558  12822
28400  130947363
5692  50965428
mask  1X10X11100010011101111000111X10001X0
52617  3163
28750  3075
11316  18721092
mask  011X1011X101X11X00X110000X1001111011
36035  1783926
18174  89261
6538  434889
mask  011011100X011010101101X0111001X0100X
25969  10970
2186  132591
mask  10101X0X01111110000111X000010101X01X
7956  20198
32632  9868915
17009  616154170
33337  1948
28455  314
19300  437925314
53760  9859
mask  X01X0X11010111X0010110111X1X0011X00X
54194  60308
55677  10602
47982  6803
mask  1010011XX0X110111101111X11101X1X0000
12226  26775502
7654  1776936
25032  9029
63355  2515
44393  51402
19754  538701
mask  101001X1001110110011001100XXX0001XX1
17878  2952
28744  1204082
44294  167
54229  1360071
58603  5499
mask  1010011100X110X11X011XX01110101110XX
19454  484695
51120  2797
24926  2203
62232  2795361
4928  135948629
mask  101011X10111XX1X0001011X0000010XX00X
51586  51038500
16550  10911116
39368  31165
49995  2240467
20935  58885075
mask  01X00110X0X1101X10111XX1000011000001
60395  14487
45597  58180
4169  20594
28774  3668360
46407  161563088
mask  10101X0101011X000100X0000X0010010110
21371  8802
32905  123119533
4770  106677838
mask  11X0X10100111011X0010011111000X111X0
43143  7717
9164  377145
39883  57
mask  1011X101001000100001001X10100X0100X1
43124  5241585
22122  960211786
31235  4256719
32461  560355
62468  18038
mask  1010011001X1X0X101X101010000X1010001
48307  186177048
11940  218581
44812  72594882
32461  794715
40357  142382
9612  7990
32943  2523
mask  X110X11X0001X01X1011XXX011X011001000
4569  390383592
8258  223605244
14022  27470197
44813  1232213
15480  364141654
mask  1X1011X100X100110001X001001010101011
21024  32037758
38961  4442700
60415  478809
9366  1425318
18104  4027612
48952  1698
9164  3844
mask  1X10011X100XX001001XX0110110000X01X1
63362  961021193
61648  10624
8540  1240358
22072  180594
45028  48614278
51941  437953
mask  X010001X011X10100101XX0X011101XX0100
28400  20048177
38442  42972
19202  137
mask  1110X10X0011001X00110000X00X101X101X
45776  29115
46228  82002990
mask  0110011100X1X011101101X10100110X11X0
2178  1415
7573  59211
63355  14666328
mask  111111011X11001100010X1XX100X000111X
36973  251101
45549  49149
11185  11173
36931  9105286
34000  191861
4112  5803908
46851  898742
mask  101010X10101X10011000X0000000001111X
21952  58087941
7811  310568
12683  7296
40986  1593
4484  217102381
mask  111X01X00X011011101111001X0011000010
34000  42900698
29787  486803
16456  314970629
2178  127921
5330  3477920
41836  507753704
19939  1233
mask  10X11X1110X1X011010111X0000101011110
42088  43182
55372  7107
20352  707842
38160  4365
mask  10X101XX1011X0X1X0010101X0010100X011
57996  825
9164  38731
10590  1024
mask  0110XXXX0X011011001111X11010XX0X1000
43004  23865126
26521  62786105
58508  16251607
44915  6296
50928  15905704
28304  6883261
mask  10000X1X0111101000010001X01110X0110X
38961  892
21387  654
40691  70505975
mask  011X10110001101XX0111011111XX0X00000
26664  190634
41638  58433745
33818  31913
mask  1110110000111X110101000X00X0X010001X
21371  827
48330  554110094
4159  13842042
28294  10751539
4122  3155
56641  143543
mask  10X0110XX010X0XX0X01010010000001100X
42088  28605
26003  2052146
2810  12539132
19177  873302110
45682  198549
53419  12015
mask  01101100000X0XX00001X110110000111X00
13216  42793
32720  1691682
61256  2824
mask  10100111XX111X0X01010001001XX1010101
9076  33
35540  2369998
56213  472
mask  0X0010X011000010X0111000X10100001001
33599  292
48557  63
61148  84252
21382  4805
21707  599022397
mask  0110X1110X01X011101100X0110101000001
2445  15421
22230  421726
31424  179041731
64905  287710
46793  19157238
mask  10100110X10X00X10101111X11X10100X101
388  231948622
21332  55144051
25129  24447
2442  458
mask  11101100000X001X000101X01010X1011010
19300  1121636
48626  4127847
37338  2796197
22754  385623
3467  12303468
mask  X11011X0000X0010X0X100010X00111100X0
20168  46314
30633  7925538
32746  7822
37513  22922
9366  8809
mask  11100X1100010011101100X0101000011XX1
21371  544068236
65001  127152183
9112  4281720
33376  54760474
27066  47706947
10567  20664563
mask  10X00X11X01110010X010X11011001010100
41952  16538323
44409  127
32732  88470340
39136  1209
52852  4841355
57307  18767970
mask  10100X110X111X100101X1X010010X0000X0
60932  43059
38522  266295
14489  257072
56504  4614424
47257  103706
51586  11495785
mask  101XXXX100111011000X10100011X101010X
954  515172677
53419  2673
34982  737
4945  23383
mask  001001X1001X111100X110X011X0X0000100
55053  1024580
55436  18571176
22582  1874
39435  78890341
31752  4058
4134  1478
mask  10X0X1110X11101X0X01X10110X01X001X01
24668  15910647
35266  766999241
57305  145297
7722  249220230
11092  35301
47089  5070
mask  0110011000011011X011XXX0X0001100X0X0
43956  78016
3712  87083821
36931  3887
50618  38029
mask  101001X0010110110101X11X0X01X101010X
4168  66691
51120  276061
7259  8999648
mask  11000XX1000X001X1X111010010X00000X0X
26947  6243
14746  166248
59885  723042
45400  53392
44876  749
59029  1815
mask  X0101X010011X01X0001X1100011111011X0
6490  1443315
9164  900
29237  868260102
53419  893281
61685  1369185
4228  739257
45110  4469052
mask  11X0011XX0X100111011100X1X0XX1001001
19944  33579152
9221  53082
12164  85657
18757  6173
9612  38383098
41658  441286882
mask  XX10011100X11011X0X111X1XX1X10011000
15544  380788
19086  141583
34269  9666
22877  1051665868
32360  7
mask  1X1011110011X011000X1010X0111X1010X1
13883  5817
4217  15681
8703  171924

